5000
-2
-26
12
-1
35
48
13
-43
-36
-32
-2
30
-33
43
7
49
-20
50
-45
-16
-50
-19
12
-19
10
-43
-38
5
-1
-25
23
18
-36
-7
-14
-47
-32
40
-6
-20
-31
5
34
49
-24
11
-45
45
24
-8
-27
-15
19
4
-2
36
-14
-18
43
-11
-47
-8
45
-28
42
5
45
-48
-11
7
-28
3
-3
28
1
6
24
2
-44
47
12
-7
-42
34
-10
-8
39
-26
-50
48
-41
-21
-4
-38
28
-34
-16
2
27
5
15
16
44
0
15
39
18
-5
-37
44
26
13
-50
49
26
-29
28
-23
-42
-12
35
-6
-50
16
35
40
-4
-46
-40
-23
25
2
30
-12
-17
-41
-39
-2
-18
-23
-2
-41
-19
44
-31
-35
-29
-25
11
-24
-2
-24
-42
-49
32
-33
30
30
-35
-43
-23
0
-31
-19
-21
31
0
-41
-43
-17
0
-22
41
44
0
39
-27
-33
44
-25
-25
-34
20
5
35
-23
29
-30
9
22
-48
39
38
39
49
47
26
-12
23
18
33
-33
-12
-20
-38
-13
-35
18
-12
-37
50
24
49
39
39
-37
10
-33
-4
-50
50
49
-27
-48
-12
27
-42
-3
40
-14
-31
-5
-45
-12
41
1
38
29
-12
-29
13
-35
-50
29
18
-50
-39
45
36
4
31
33
-32
19
4
-45
-19
-5
16
46
6
-28
24
12
-27
-48
-4
-31
-29
-9
39
-16
46
-22
13
13
-8
15
29
-16
41
50
29
-35
27
36
45
-33
12
-27
11
-34
-8
42
50
45
34
22
-37
17
-34
20
22
33
-50
-14
11
41
28
41
-26
-11
-2
-27
9
35
-32
10
-36
6
-16
23
39
-48
2
4
-36
11
12
-27
32
-29
1
-45
17
-4
31
10
-5
21
7
49
-5
34
35
11
-6
3
-15
-24
-32
14
-17
17
-22
48
-12
41
-35
-47
-45
23
-27
5
-41
-44
9
-45
4
11
-40
-30
35
-42
-31
37
33
4
21
-19
2
-44
-35
-24
1
-37
36
39
16
-11
-9
-16
-33
-4
47
-26
-13
-18
4
-16
24
-28
28
21
0
21
0
-41
-5
-49
-10
-26
-13
-37
40
39
-43
-33
43
-38
-36
35
25
-38
-40
-16
-40
-19
21
29
-20
0
-32
0
-44
41
-30
47
29
-50
17
41
24
-2
4
34
22
-4
-44
-37
-35
-35
-24
-42
-34
-41
-31
13
16
-28
49
-6
-24
-5
-38
9
-8
38
27
2
-45
11
28
0
-46
-24
6
43
-24
33
24
30
-22
9
-8
47
21
32
7
-29
-43
26
-46
13
21
-33
-17
40
30
36
-12
-10
-19
33
32
-29
30
-27
14
-12
50
-9
7
-7
-22
-41
-24
-9
-36
10
1
-38
23
30
-22
-15
45
43
-42
-47
43
-40
-10
-47
-17
-45
-44
-25
-43
23
25
50
48
-8
-15
-38
-48
26
-9
48
36
30
-10
18
44
11
35
-36
-45
-16
-27
18
47
3
-43
0
25
-16
42
-50
0
13
-27
-29
2
-8
0
-31
-45
42
-38
4
-26
-14
-40
16
11
16
-26
-31
27
-19
-13
-40
48
-43
11
44
-48
-16
-5
-41
-9
1
-40
10
26
4
-41
-1
35
-10
14
-8
44
-21
-39
-13
-42
-24
-15
43
42
-19
11
-8
43
0
-43
42
44
-31
-2
-25
-3
-10
-2
0
-43
25
-26
33
-4
-11
9
-41
-3
4
-43
36
46
14
-34
-20
-25
-46
-37
-47
-12
9
24
-20
-16
25
-30
34
-33
-42
-13
-19
32
43
-45
40
38
47
49
47
-32
31
-7
-23
-23
-30
-18
-32
33
5
1
-16
10
-7
44
-25
49
7
-3
-15
-5
45
17
-10
15
-42
-30
-35
14
5
3
-2
5
-43
5
-38
0
-41
-46
-29
-36
-48
2
32
-49
0
30
-39
-48
46
47
-1
-24
-28
-48
10
45
-28
40
-41
42
-26
32
-29
-47
-23
8
-33
-17
-9
-27
-9
4
30
11
-29
40
-27
-37
-48
-34
-27
-28
19
-27
23
13
9
44
-46
4
4
-47
-13
-11
-1
3
7
28
13
-17
-2
-42
33
0
-25
-9
-22
-35
-22
-42
49
22
28
0
-6
25
49
39
-14
-46
43
9
12
-15
-50
-35
-21
-48
50
7
-3
40
-9
-30
-34
-12
44
-35
20
15
-33
24
20
-20
22
-43
-25
42
28
-1
15
-34
32
-37
3
-30
-10
44
-20
-7
37
-7
6
3
-50
-31
-37
0
-42
-13
46
25
30
-11
33
14
48
-46
25
-2
-46
-23
0
27
-4
-4
-34
-10
-28
-23
-36
8
50
48
-23
-50
-44
-19
-19
30
-40
1
43
19
-22
-16
14
4
22
5
-9
-24
21
-7
15
21
-50
7
-40
2
6
36
-15
12
32
-44
-12
30
-20
0
26
-13
-33
25
-44
43
22
24
12
-50
-3
4
-49
2
-13
29
-31
-31
10
-50
-3
-16
-33
13
36
-10
-49
-48
-6
44
-39
-42
34
48
7
19
34
29
11
-36
-11
-3
-8
-10
-41
2
-43
-23
9
-23
-5
-41
16
-13
-45
45
-17
-2
6
37
-26
-32
-44
17
-15
6
2
-15
-13
32
49
1
-45
3
-21
-8
31
-48
-50
-24
12
8
38
34
42
0
43
17
33
-49
-11
-1
-45
9
39
-47
-1
-26
27
32
13
18
-41
15
6
11
-12
44
-23
-6
10
7
-20
34
12
-9
-32
-15
-3
1
-29
48
38
38
48
10
-42
28
50
44
-22
-11
-8
7
-2
-49
20
0
0
5
-42
-37
-4
-21
42
-16
-47
20
-38
18
-47
45
-35
31
40
31
-4
24
-3
38
0
42
-25
11
-34
-8
-22
46
0
-46
-15
25
-1
19
-21
-35
32
33
-40
26
29
25
-46
6
-28
-2
-15
-50
26
-32
23
-7
-1
-30
33
45
-44
-8
26
7
18
-13
-16
-4
15
-49
32
22
7
-14
-29
38
-2
6
44
2
-50
25
-21
-31
32
3
-8
-23
13
-40
19
-15
-31
-14
41
-32
11
49
50
-15
10
-24
49
-50
-2
-27
12
0
49
-15
18
38
15
11
-39
-23
-13
28
42
8
-27
12
45
-8
-39
-41
7
-3
-3
15
18
-30
-47
-37
40
20
42
-19
-6
-38
16
-36
43
49
33
11
-34
23
-47
-6
-44
15
-28
-35
24
31
23
-48
-50
35
-14
35
45
14
23
9
-46
7
0
-4
13
38
25
17
2
42
-15
-3
24
-13
-11
42
-39
14
9
-33
37
-49
22
34
-33
-50
-26
27
33
17
-48
-35
39
-50
-18
3
33
41
30
12
-9
-35
41
32
42
-5
-48
28
16
-30
37
7
46
-28
-12
-19
29
28
47
-47
33
8
-50
-14
43
35
16
-34
29
-34
-37
20
14
-41
-25
-47
48
25
-25
37
-48
-36
11
-26
6
22
-31
39
-33
42
22
-22
-8
-16
44
0
42
-39
4
46
-43
36
-14
-23
22
11
-26
-42
47
-2
-7
6
-48
37
-36
-7
34
9
-33
-32
26
45
5
47
-46
-22
-44
32
-49
-21
-5
15
-4
35
-9
25
4
-27
15
-45
-49
12
12
-36
42
-14
27
-18
18
39
-9
-27
-39
-12
-14
18
22
42
-26
22
-15
5
8
29
2
-31
-11
42
-16
29
-40
-5
-37
12
-29
17
27
-9
29
-2
35
9
0
36
-14
-29
0
25
-15
20
-45
4
0
-25
-41
27
-42
25
14
-38
6
-17
-32
36
29
32
-30
-30
37
-18
-29
-30
-9
18
-9
41
-25
29
-10
38
-22
19
-46
-14
-30
9
30
41
10
-6
34
-22
-37
-32
-32
-50
-41
-10
-38
-28
-6
26
21
27
-35
-44
-16
-30
-36
-34
-1
45
22
4
31
31
-14
21
-14
-31
46
-40
17
-26
-41
0
43
-49
-2
-40
-37
-26
-36
-48
19
-24
-33
38
-42
43
-15
-44
-5
-48
-36
38
22
17
8
0
-12
27
-45
9
13
3
41
-16
0
-14
21
49
-39
-44
5
-18
-23
36
-17
-11
-12
-5
-5
23
41
-44
-48
15
-22
9
32
49
-33
17
-30
-3
29
13
10
-38
-38
-47
-47
46
45
42
37
-29
31
-8
-11
29
24
-19
30
-44
-29
17
12
2
36
1
28
-21
41
-37
15
7
-2
-10
-42
-22
45
1
32
-3
-12
-11
-9
-20
-3
0
7
43
4
2
12
-20
-8
32
-24
-31
26
42
27
-15
-22
-7
-15
39
-7
-35
-3
-15
35
31
0
5
-17
-13
25
-18
27
30
36
34
32
26
36
2
48
-14
28
29
-34
13
-16
-7
-44
25
13
-40
-24
-49
-13
41
-8
22
-10
-28
-16
-17
-18
24
30
9
-24
0
-42
-6
13
-10
-8
-47
-34
-18
-39
-31
-48
44
23
2
26
-12
-2
31
-43
39
-20
-37
16
31
17
41
27
2
-48
34
16
49
50
40
-47
-28
-13
5
-32
-48
26
26
6
-32
39
-4
13
-11
23
8
-39
7
-37
-1
-35
-50
-35
38
-50
-21
-30
21
32
-29
5
-48
41
38
5
49
-7
33
-48
-35
-23
25
47
-37
45
32
13
2
-34
-38
-6
41
-9
31
-11
39
11
-44
-15
-2
34
-28
17
-9
-22
14
14
6
0
0
-37
-42
-36
-13
40
39
17
50
-12
-13
-11
-7
-21
-25
20
24
27
38
33
11
34
10
38
5
9
-4
-48
-7
23
20
-27
19
25
12
7
14
-18
21
11
-5
-33
-10
-19
16
29
-2
-5
17
17
36
37
37
-31
-16
-34
34
-36
-3
22
38
-26
33
-35
46
-3
38
41
-10
-50
1
11
0
26
21
34
25
2
42
17
-31
-32
25
17
-44
-26
22
43
-39
0
-1
8
33
48
22
24
-8
-37
23
-38
-36
-33
50
-18
-31
48
22
-24
48
48
20
-45
1
3
-28
2
2
27
46
-34
-35
-12
-12
-49
-15
-6
49
9
2
-29
-22
-15
20
15
-20
12
-29
19
-23
-17
39
22
11
17
26
11
-43
16
24
46
16
-41
19
9
-7
-21
-41
27
37
31
-21
37
-31
-24
27
1
47
-18
-3
-43
13
9
-31
-45
27
29
47
42
24
48
-44
12
5
-20
6
12
-50
5
-43
-3
-19
25
-3
-31
-26
4
-37
24
28
-18
-22
16
-45
33
27
-16
-4
-47
-42
6
-29
-8
-13
-38
23
20
20
48
38
2
15
-18
21
-30
-16
-15
2
-8
44
2
17
17
11
46
-21
-18
-37
-26
-46
-24
-15
-3
-50
-2
40
-29
-2
46
31
7
-46
-41
-5
-50
6
8
-47
-38
12
-6
-42
9
12
7
-34
12
-43
-10
16
-22
-5
-20
-35
-35
-7
-37
-24
1
-42
15
-47
12
6
-45
-2
-41
-7
-2
-40
5
6
8
-9
32
45
31
38
-32
-39
-31
8
21
-33
7
-23
-14
-42
-39
50
-47
-39
34
50
-29
-6
-49
24
11
-23
8
-40
46
-19
23
8
-42
17
-42
-39
-23
-10
42
-30
-24
-9
-40
41
39
45
-14
-22
42
-36
0
36
-32
20
9
-7
-24
-1
32
-28
27
-12
-22
12
2
46
27
11
20
-18
10
11
32
35
17
34
-48
-5
18
10
16
-5
26
-7
-16
5
22
0
45
31
-3
-8
14
10
8
3
-37
44
12
-30
35
-23
24
38
6
22
-47
17
40
46
15
-31
-15
40
47
7
16
35
32
-47
-9
-32
-48
-3
40
-44
-24
-6
-44
15
-33
5
25
22
3
35
37
-31
-7
-15
33
-9
44
41
-16
-40
34
-10
15
41
0
-26
-38
42
43
38
-14
31
-21
-33
-3
-45
-43
23
-4
41
17
-9
-1
12
17
-50
34
5
31
25
37
-5
-16
12
11
-50
18
46
48
-4
-34
-30
-42
-26
-18
14
-3
-31
-31
-35
-8
19
44
-40
-34
42
-43
-33
48
39
7
-36
-6
-22
-37
18
-31
-28
20
26
-18
14
-1
29
-34
1
22
47
-41
32
-36
49
8
5
-39
-12
-38
11
-16
0
45
9
19
-33
-24
-2
19
33
44
12
47
-42
3
48
22
5
-22
38
-36
24
47
0
9
13
-24
-39
-48
11
-48
-20
50
4
22
42
45
-20
27
-24
-32
-50
-26
-6
-13
9
-48
-9
33
-43
-25
-18
26
33
41
-22
-30
-11
-43
-44
17
9
47
10
-47
4
-22
-32
-3
38
0
-19
4
37
-23
-15
18
-30
50
-14
-46
-21
7
8
-36
39
4
9
-15
47
24
17
15
5
-25
-8
-19
-50
-40
32
-28
-49
-46
-11
-37
30
-19
36
-11
-22
-24
-35
-11
8
-1
-6
0
-25
-38
-36
-40
34
-25
17
-40
-13
-3
-13
-49
25
43
39
22
-27
-43
-10
-18
20
43
-48
4
18
-20
-31
-35
1
14
-22
-7
31
-26
-27
-48
36
5
1
34
2
-37
36
-3
-37
32
37
25
2
12
-43
-38
42
-40
48
-40
-46
-32
49
-38
-14
44
-20
-15
44
7
-50
14
6
45
19
1
-34
35
-37
-50
1
-9
35
-29
42
34
50
50
13
29
45
50
22
-12
0
-23
-14
47
11
15
-36
29
1
-15
26
8
-46
-21
3
-25
-17
18
-37
-37
-2
40
45
5
20
-39
-24
-22
-44
-23
-44
-41
-9
39
14
-46
-39
46
4
-19
-48
-34
-42
8
-27
9
-28
-15
7
15
-48
-3
-13
-44
-27
10
-30
32
-27
38
37
-20
-20
-33
47
-44
11
50
16
4
9
-46
-12
-32
7
20
-13
34
-35
-8
5
41
20
-39
-35
-19
15
-32
-37
13
-23
12
-46
33
18
7
22
16
-24
13
19
-17
13
-34
16
9
21
-46
-1
-29
0
18
-15
-48
4
30
-10
2
-32
-14
-10
41
5
13
-3
-3
-50
49
21
-27
-35
-5
-25
-48
21
-28
18
18
14
24
-25
9
-43
28
-38
-11
-8
-28
7
1
35
-31
-31
-4
-44
-10
50
-35
-6
-23
44
46
-24
20
-48
-11
-17
-5
0
32
44
3
-39
34
5
13
10
38
36
22
0
7
-8
-43
19
46
-25
-29
16
-9
6
39
-47
6
15
-39
30
-45
-7
-43
10
-1
-27
-49
12
-20
49
-49
-42
-33
25
-45
-10
-13
0
19
34
21
-46
25
19
46
-28
16
-29
27
7
0
-34
-11
4
28
-50
-26
32
-3
-16
9
42
-22
-5
-12
36
-40
-47
24
-13
-47
2
13
44
42
46
-20
50
-44
-22
-15
-21
-10
-27
23
21
-25
10
-13
18
-14
-13
26
-46
-6
-28
20
-43
-29
45
23
42
-45
18
-46
47
-26
-43
-26
-41
0
-32
-39
31
5
20
2
5
-40
17
46
-24
-35
47
48
8
13
26
-38
21
-20
3
-36
9
32
23
50
1
42
7
-40
48
14
21
-36
10
-20
-11
43
32
29
-17
-44
-6
-43
-27
17
50
-13
-47
2
-37
26
-29
42
13
35
0
-25
-21
37
-27
34
-35
-27
6
-31
-14
-49
-22
-26
41
20
14
-28
29
6
-25
3
-1
-1
-7
-17
35
-25
-16
-41
8
-8
-13
-6
-19
-1
-14
43
-27
-10
-41
50
-27
8
-34
36
27
-23
13
37
4
-46
8
21
-48
5
-33
-19
31
-29
46
-18
1
47
42
-27
1
41
0
-25
40
-30
-5
-31
-41
8
34
23
25
-43
-6
40
28
-49
32
-39
13
-3
-48
40
-48
-44
-18
3
-32
44
-23
-31
2
-28
-23
29
-27
-6
1
41
4
-5
-47
17
-7
-45
-11
47
-20
33
-24
49
2
-39
-10
-23
-3
-36
44
43
20
15
-44
-38
-27
-28
14
-2
15
33
-32
39
6
-26
-28
42
12
-20
-14
-30
-17
13
-30
25
-38
33
7
-34
-3
44
-33
3
0
-6
21
10
-38
8
40
15
46
-36
-49
-41
16
-27
-2
28
43
49
4
-30
6
10
-47
-44
48
48
-38
-30
-29
-45
35
-47
13
8
1
-13
-44
50
-39
15
-10
-43
-36
-32
-22
-9
2
-31
49
-10
15
-28
17
-20
15
44
-11
-1
7
16
24
-16
25
-35
-42
22
42
-29
-43
14
-13
45
43
44
-2
-33
21
33
-8
38
18
4
-14
-1
-9
26
-8
-38
40
35
11
-18
-36
-4
47
-1
-3
22
-4
-25
-4
-10
16
-8
-7
4
-19
12
-9
29
35
42
20
-11
42
46
-13
-11
-19
-35
21
-21
31
39
-5
-32
48
-10
37
-20
41
-14
-17
0
-42
31
37
-35
-7
0
19
-17
24
-45
36
-3
47
-33
19
26
0
-45
7
31
15
-28
3
17
-21
21
-42
-32
35
18
20
-25
10
26
-23
-48
-31
5
-6
18
29
30
-6
-14
31
-26
14
49
-4
-50
3
50
-24
-43
21
-36
45
5
19
-36
39
-36
46
-4
15
8
6
26
32
25
-46
-16
-10
-24
-14
-50
-34
-49
-23
1
22
13
4
-38
-17
13
-9
-36
16
8
-7
43
-16
-2
7
15
-5
7
-12
-37
21
-13
12
-26
16
-6
28
-2
-26
43
-47
-14
20
47
38
-46
43
-6
-19
1
50
-13
27
-7
-26
-8
41
-46
-26
-34
42
46
-18
41
26
4
-31
29
-39
17
43
-35
-1
39
-32
25
3
-30
-25
40
-36
-15
-4
-7
11
-41
-17
9
40
-13
7
-41
-11
-26
39
-13
40
16
5
-30
48
-2
26
0
-7
-11
47
-47
6
-15
6
45
24
-26
-35
42
-3
-29
-11
42
50
-28
6
-38
41
31
-33
31
25
-46
-2
-44
-8
47
-17
-29
28
-18
-48
-49
2
8
32
-35
12
-11
22
1
-41
-41
48
-37
0
-5
-43
-9
45
-1
30
6
-16
15
32
18
-16
31
37
-36
11
-10
50
25
35
-13
45
12
35
-38
15
-15
-45
-49
20
-36
1
-36
-39
21
-15
34
-18
27
-45
43
-43
28
-43
-44
-33
28
-24
17
43
36
22
45
-18
40
-21
32
21
18
-12
-38
13
2
27
39
-9
43
20
-39
43
-19
-31
13
-9
39
-30
48
15
-17
-46
7
27
23
50
-43
-50
49
-30
-38
-44
-21
1
-21
46
-38
-7
-38
0
6
-35
-12
-39
-13
-23
-38
-23
20
26
36
-47
35
3
7
-2
-23
-5
36
-50
7
-45
-37
19
-21
-23
6
-8
44
15
-17
-28
20
-33
46
-23
-4
37
17
-30
-12
-25
-5
-30
44
-14
14
11
-35
23
-5
-26
-33
8
5
-12
16
-28
-4
1
38
-9
37
-15
38
-28
40
-34
-22
42
-11
18
-38
7
14
47
-6
23
7
-20
-31
17
0
30
-5
-16
36
-48
19
-48
-50
24
-16
18
0
-36
-16
-11
-20
17
39
-1
46
-10
14
-28
-49
50
-45
-43
15
18
-20
-26
0
-40
-31
50
-47
-4
21
-32
-10
-16
-18
34
16
1
33
37
49
18
37
14
-33
-1
-24
5
-38
-48
-8
-39
29
-47
14
47
32
0
10
-21
44
-2
-8
-40
-2
-44
-43
46
10
47
1
19
-43
20
-23
-3
32
48
-23
9
14
0
-33
-25
15
-47
-42
27
28
-17
47
7
-43
43
-22
-26
-7
40
-7
-36
43
25
-31
-12
33
-30
41
50
12
-2
-4
2
-34
0
-11
-48
-32
42
-12
-3
-48
-39
-14
43
-24
47
26
33
29
-43
17
-14
23
43
-45
-6
-31
-24
36
36
-23
-13
-18
28
-32
16
1
25
39
-31
28
42
35
-49
20
-9
-2
-41
20
26
17
37
-26
6
-18
-50
-43
-13
-45
-32
-18
38
49
-1
-29
-50
45
31
44
-41
17
25
0
23
37
-6
-20
-19
42
-4
-2
-38
22
39
-2
-48
-24
27
12
-7
-40
-25
28
-6
31
9
34
38
21
32
-24
-27
-30
-38
12
-35
-16
34
-31
11
-13
-1
35
-2
-16
-42
-40
16
-24
31
-50
12
2
10
0
-13
-28
-32
-27
-12
-34
50
-38
-7
36
23
36
-9
14
-6
-45
36
15
20
-6
47
-5
-46
-27
27
6
25
15
42
8
14
27
-35
32
12
-9
-30
47
44
6
34
5
-16
-40
16
16
38
-45
-45
35
-15
-49
29
-39
6
-6
18
26
25
-6
40
32
26
22
-45
-28
28
-6
23
27
46
-35
-27
-32
22
11
44
-15
24
17
-31
-13
-48
-48
29
31
17
-41
-41
21
33
-14
-16
-12
34
-36
-2
-14
29
-33
41
-13
47
-35
17
0
-2
14
47
27
-33
-15
16
-7
17
-10
-35
19
2
28
49
24
-31
-41
38
-19
14
16
42
-13
-28
-3
33
22
-39
-31
28
-46
-17
-4
-27
2
36
-27
43
-6
8
27
-33
-32
1
13
34
27
-16
-14
-19
13
25
30
-8
34
-41
50
46
19
48
-29
-20
-20
-12
-48
32
-41
5
-34
-8
46
27
35
-50
-50
16
-2
-23
49
-45
-50
-7
-14
-36
17
0
-40
-22
-32
6
30
-29
28
-30
10
10
-28
34
-8
-1
29
9
-18
39
-36
37
-20
-40
-30
-9
-42
15
18
26
10
-28
-12
10
8
8
5
13
-4
4
-37
-5
-43
-48
14
26
-47
-5
29
-29
-42
-9
-3
12
25
-4
-19
-44
-14
10
4
-10
-26
-24
-6
7
0
3
34
26
-32
49
-36
-49
7
15
26
-10
-42
18
-40
-23
-21
41
5
48
40
-16
-48
-25
-38
38
-27
-49
36
-33
-10
-32
19
19
1
-2
-2
32
41
2
-14
-45
-46
34
-33
-42
18
13
14
14
-12
10
49
-43
-11
-40
-18
16
48
-20
-26
-36
-20
-34
28
15
30
-41
-24
8
-18
44
12
0
31
-28
32
21
38
23
-42
28
10
-50
-10
6
40
49
50
16
-38
-33
-10
28
-27
10
13
38
-41
14
37
-1
-1
14
-1
-20
32
2
-35
36
3
-20
7
-35
22
-38
-23
21
-8
-27
40
-47
42
-16
44
-5
-40
44
-46
6
18
-15
22
50
-49
19
-47
48
-6
-29
-36
32
-15
2
-7
33
13
-8
35
-32
1
3
-17
-50
43
8
-39
2
39
44
0
5
-28
-40
24
40
12
10
42
-28
26
-32
-39
20
-28
38
45
-2
10
44
9
1
-30
-50
-44
33
-24
-44
-23
38
-50
-36
-14
-25
26
31
-7
47
3
26
-26
-43
-1
28
-29
-8
-24
2
-46
50
-17
17
44
-5
44
19
37
13
-35
-44
13
45
-49
-48
5
44
25
-13
24
27
50
-31
-45
-2
38
-16
28
42
20
-25
23
-40
-22
29
24
12
-43
37
-25
2
2
-4
18
15
33
50
34
-25
-7
37
29
-1
16
-6
14
-33
1
14
15
-45
33
18
38
41
17
49
-49
-32
-47
35
-17
50
0
-38
11
-39
-33
-47
17
-49
-43
10
-39
0
-18
36
-37
-15
-37
49
-35
-6
-46
22
17
8
14
0
35
49
5
-48
-12
28
7
10
42
42
-25
-12
44
9
-47
-47
-1
-49
29
-49
16
-23
-24
-47
-17
-23
-20
-42
16
29
0
-4
40
11
12
45
20
-25
-25
-29
47
23
-46
31
38
45
49
-47
-10
3
4
5
18
17
-1
20
39
-33
-10
41
-30
8
11
-16
18
25
21
-24
17
30
-40
-35
19
48
-8
38
23
35
3
42
11
0
-38
-37
-36
-28
-21
-9
35
11
27
20
-13
6
-41
14
-39
-36
-7
0
-17
-24
39
39
-19
32
-13
-4
35
34
-10
-30
24
-34
-29
37
-6
48
21
20
19
2
4
-20
39
-32
4
-41
0
-24
-36
-41
-34
-22
23
12
39
-36
17
30
-39
12
-19
-19
6
-2
46
48
-21
-18
31
-9
-41
-15
8
49
15
-28
-6
-38
45
-40
-20
-10
40
-6
22
25
14
0
40
32
40
-45
0
10
-10
-46
40
50
42
25
-44
-33
-3
6
-7
27
-50
-11
50
42
-18
47
41
4
-40
-18
4
-35
46
-36
-35
32
48
1
-9
-43
-5
31
11
-2
14
-27
24
25
-29
-26
30
-24
-9
-13
-3
-14
39
-2
6
-42
-25
49
-49
28
-4
12
-1
45
46
35
-46
-29
38
-47
-19
-32
33
-4
-27
44
-18
-50
-36
0
42
17
-17
40
-9
-9
-20
2
-45
-25
0
-6
0
-48
46
-22
-47
-18
-21
44
-45
-40
0
-19
-5
43
-7
-7
18
-22
22
-44
-33
48
-32
9
30
45
42
-16
-16
0
42
28
46
-50
0
-36
-13
37
23
-17
19
-3
-30
41
12
-23
-37
35
37
47
45
8
24
-10
46
11
-16
0
1
-4
42
-47
-1
42
20
-50
35
20
-20
27
-28
-18
25
16
36
-7
27
13
19
31
2
-20
-26
-5
27
31
-29
-20
-8
-29
-18
15
19
35
20
35
-33
47
-17
10
-16
13
15
49
9
-35
-15
3
28
-3
1
34
33
-26
25
43
33
43
-37
-36
-38
-24
-8
15
-7
-33
-17
14
38
-43
-34
33
42
-49
-32
29
-17
-27
46
25
-9
-48
37
-44
-47
-21
47
-10
-32
27
-25
-22
43
15
0
26
-43
-41
0
49
-46
-34
1
40
41
2
-6
-40
-5
17
50
-18
-1
50
4
-19
28
26
7
-22
27
3
-10
46
-27
-2
4
17
-50
-31
-34
8
-42
0
29
-4
-25
-2
13
-7
7
-19
12
20
-27
9
18
-13
-41
14
50
-6
-43
16
40
18
-32
-1
19
42
-7
34
-47
2
-49
-43
-34
6
39
-20
35
46
46
32
41
50
-24
1
42
14
-42
50
-7
-41
46
-25
-50
30
42
26
0
27
-11
-33
3
18
-37
-23
-3
19
-22
13
-30
48
50
-21
-29
40
0
-23
6
-33
47
-26
-16
-46
3
-44
33
43
4
31
-24
-14
-39
-48
-16
-13
44
-2
-14
5
-26
11
43
-16
13
-14
-25
34
7
30
-19
43
42
-7
-30
-19
-2
28
4
28
43
-2
-50
-45
-15
-27
6
-49
-35
-34
-42
50
-24
6
-20
-13
15
40
-42
22
-46
23
-31
-18
1
17
37
30
-10
-17
8
-7
-19
41
35
-2
22
-37
19
35
19
45
-24
50
32
45
-24
40
31
8
22
28
-34
42
-49
-25
47
26
-17
-2
40
22
41
37
-49
8
49
0
-19
49
40
-15
11
31
28
-4
13
11
-48
-33
-44
14
-4
1
21
-50
2
6
-14
39
16
