500
40
43
25
38
34
-3
1
33
0
-22
-29
-17
9
-37
48
-20
-35
-19
-14
-31
36
22
24
-37
-44
36
-21
42
20
3
6
-4
-41
-21
1
-40
-29
24
-10
-32
23
26
9
50
-35
-48
-33
25
49
1
-4
3
-41
-11
21
-27
-5
3
-47
4
37
-25
-3
-19
-27
49
-8
12
46
-45
38
-47
-7
-10
23
-27
2
49
18
-5
18
31
10
-28
-14
-41
14
-8
-4
19
-27
26
-13
44
-5
-9
4
7
-43
-16
31
-32
50
7
-44
1
-11
-38
-24
-7
2
-7
36
43
-44
-47
-19
45
15
-15
-31
0
-34
30
3
-48
-37
35
10
42
-47
48
39
-25
46
-48
-23
-21
47
11
25
17
-29
-2
-31
-48
39
-33
-33
48
-48
-32
36
-30
7
-18
-33
-24
0
29
-18
44
16
-31
50
-18
-16
50
11
22
50
-48
-9
-43
-2
31
31
27
19
34
15
-2
-15
-32
49
43
15
-13
-12
-49
-45
-34
10
41
-18
5
-31
-7
17
25
2
29
2
10
-22
6
3
-37
-24
17
12
-5
-21
31
-11
-15
37
13
20
45
0
25
-25
-45
36
39
-2
-19
2
23
22
-11
44
-30
-12
19
-13
27
-3
11
-25
2
-10
-6
12
-10
36
0
-26
-49
-40
-40
17
-24
-16
-46
29
7
-20
-10
0
26
47
-6
-41
-10
25
31
4
11
24
29
40
-49
-34
-31
-29
-15
-7
14
-7
26
14
11
-12
21
-32
48
20
-23
31
-4
42
41
4
-9
25
47
-41
36
-50
-41
9
37
27
-50
0
3
43
5
29
25
-6
31
18
48
-25
38
32
-32
-1
2
-24
-46
-37
-44
-27
-8
20
42
-27
44
0
9
29
-44
16
-8
-35
-14
-32
13
0
39
-47
45
27
-2
49
-29
43
-34
-41
48
27
44
-6
-9
25
-21
1
19
30
23
-24
-18
-3
-11
17
-32
-36
-11
-37
-36
33
33
-11
-38
-29
31
48
22
17
-37
46
31
-23
4
-42
43
-2
35
-13
-5
-46
-40
8
6
-11
42
38
-20
36
36
30
-22
-14
-49
9
-6
39
-32
-18
-7
-50
-7
-28
-36
13
29
22
-21
21
41
34
24
27
-48
36
-50
3
13
-47
-50
20
14
-25
13
-23
27
-38
-11
15
36
-2
26
-41
-37
14
46
32
42
-26
33
15
-29
34
-33
0
-24
40
-40
-21
26
35
18
-39
-47
45
28
40
-2
49
-16
20
-43
-7
9
11
-28
-15
31
-9
-38
-49
-15
5
-24
47
14
-32
15
-25
32
-5
36
36
33
-18
-44
