1000
0
-1
37
-49
-22
-24
-34
0
-43
36
33
30
-11
-6
-49
-44
27
-11
-13
38
-46
-46
-1
18
-10
14
-49
38
4
-6
-5
-34
-14
-18
-30
-27
48
-12
-19
20
-38
-6
-19
-21
-10
5
-28
21
-48
-35
12
-36
-13
21
34
22
0
-10
13
-46
38
32
-25
48
-41
22
8
-44
13
9
-14
-39
-25
30
-15
-25
-29
9
-2
-3
-31
-6
-28
25
-49
-20
-5
-36
38
-44
-31
-23
-9
34
-20
28
40
3
12
7
-13
-34
39
32
32
40
0
-9
8
-7
-12
-23
39
-11
47
37
16
-13
8
19
-46
-15
29
-38
40
41
17
34
39
-13
4
-7
-22
8
-8
0
-48
29
30
-28
-41
-12
24
29
-33
39
38
-2
-45
-21
35
-27
-43
-29
-23
-16
-31
49
-26
-9
-3
-50
40
50
-13
44
47
-14
-34
34
-5
13
30
3
-43
-18
44
20
16
38
44
46
45
3
-1
30
-26
32
34
13
50
-18
43
50
24
-48
-25
33
-4
50
43
29
33
17
10
8
-25
-30
29
-20
-10
40
17
-15
30
14
19
41
17
-47
5
-36
2
35
30
28
32
12
17
-38
16
-26
27
9
40
-44
8
-49
-45
35
-43
23
-19
18
-28
23
26
45
-23
-4
1
47
31
-3
21
33
14
13
-19
40
45
28
-23
-49
-10
-35
-39
46
5
26
5
-19
-44
-26
-34
-39
-8
13
29
-29
44
20
-27
-33
32
30
-31
-24
34
40
38
0
13
21
-30
-45
-45
19
-44
-9
3
-10
7
-31
-16
-23
-45
11
-30
22
6
47
-24
35
49
10
-32
41
-7
-50
-32
37
49
-29
-48
-20
-20
6
27
-15
28
-43
40
-33
7
-11
-29
-50
12
-29
-14
18
14
-10
31
31
41
28
-20
16
-44
14
19
16
36
10
-6
-3
-25
22
14
6
44
-18
50
20
-35
40
0
-17
25
-7
46
-39
-9
-50
27
-16
12
-15
19
28
10
-30
-40
11
24
-24
-43
16
-32
26
37
-46
-37
8
30
36
-7
-21
-15
2
17
23
-39
-30
15
7
27
-11
21
23
-45
30
-24
3
-32
16
-36
31
22
-4
-1
29
12
-46
3
-29
-6
21
44
24
34
-40
-33
3
-50
-37
-31
24
-16
41
35
-13
-19
-47
-9
25
46
-26
-13
-8
34
7
29
-10
9
13
15
21
-42
-31
25
20
11
8
-37
13
42
-42
3
29
13
-21
-1
-46
41
-10
10
7
-7
-27
-26
-45
6
47
-12
-7
12
47
-22
-48
-7
23
-15
24
-8
20
35
49
50
-2
-35
26
-34
49
6
20
42
3
-9
-26
27
-30
38
27
-19
-15
-13
-4
-35
16
-24
29
-41
50
-18
29
-5
-11
-29
22
40
42
-50
-39
5
-42
-41
10
6
45
38
-6
-22
-16
-23
27
-21
15
-22
20
-34
-7
-33
31
-13
-45
47
-3
-18
29
39
-1
-32
39
-7
-45
31
27
15
10
-35
30
-42
15
-24
-21
26
-47
-39
46
21
0
-24
10
35
7
-43
13
-33
-22
-10
20
-14
-1
-4
-13
17
-14
-3
-29
22
18
-4
-20
46
46
45
29
26
48
48
47
0
-3
-43
-7
7
36
7
-21
46
8
10
25
47
-23
16
20
-3
-1
20
11
50
-24
36
34
-16
12
43
5
6
-1
28
35
21
39
-11
-13
30
6
-12
33
-3
-25
21
-10
35
-37
15
34
-16
-36
43
-12
50
6
-6
29
25
-34
33
-42
13
-17
-37
-40
27
-11
-3
14
-1
15
0
0
-38
-9
-38
-12
0
31
4
-41
-49
4
-20
35
46
11
-17
49
-17
29
5
-41
-18
-43
16
0
14
4
-3
4
-2
-49
-17
5
6
17
-8
23
49
-42
-6
25
0
48
-43
40
-2
-50
0
9
19
48
35
-7
40
-42
-9
47
-39
22
-26
-29
8
-24
26
44
10
-5
3
-34
-35
-49
-28
-12
-41
-43
12
-28
38
33
41
36
7
16
50
-38
0
41
-25
-44
35
28
26
20
-7
-31
22
18
-4
-29
-22
18
-29
-10
20
3
21
49
-5
-36
-35
-10
-35
-3
20
-24
41
9
-45
16
-1
-28
-29
34
17
-39
-7
-15
-46
-24
15
23
-15
-26
-28
4
-49
18
45
41
36
20
8
-12
-5
-29
24
14
-30
14
-50
33
21
48
-1
38
-31
9
-9
25
-44
45
-1
-45
-41
19
-19
17
3
31
25
-50
20
48
-20
36
20
-4
25
19
31
8
44
33
22
1
-1
15
-34
15
-12
43
42
-31
-19
14
34
14
-49
33
-13
10
50
-4
41
36
40
-36
48
-40
34
-4
-15
40
15
-26
-14
27
-12
6
-39
31
35
-29
-48
49
-39
0
19
-18
29
-20
-10
11
0
17
-8
-43
-10
-11
-30
3
-30
2
-25
46
-33
-26
45
-42
14
6
-24
16
-24
-7
-25
-13
2
11
23
19
-8
-24
-46
-10
12
-26
-33
0
11
50
-41
-5
-27
6
-40
-38
4
44
-9
-30
0
-3
44
2
-22
-10
0
32
47
-34
41
-23
-34
4
1
47
-37
29
28
-12
26
8
1
45
-34
-7
36
-42
41
22
16
-31
38
-19
